0.075198
0.071099
0.069884
0.066947
0.068262
0.066821
0.064874
0.066456
0.062994
0.063252
0.064381
0.063238
0.06099
0.06123
0.06127
0.061408
0.064583
0.064747
0.059343
0.06217
0.05942
0.059733
0.059313
0.060426
0.06043
0.059408
0.060825
0.057672
0.058111
0.057328
0.057996
0.05732
0.057572
0.057447
0.060961
0.057514
0.057477
0.058315
0.056623
0.056269
0.055682
0.05542
0.055647
0.055733
0.056021
0.056217
0.055769
0.055801
0.055552
0.055545
0.05555
0.055631
0.055632
0.055543
0.058769
0.05478
0.054715
0.053855
0.053875
0.053605
0.053653
0.05332
0.053475
0.05374
0.056753
0.053061
0.053938
0.05358
0.053367
0.053611
0.053543
0.053541
0.053373
0.05312
0.05334
0.053468
0.053362
0.053142
0.055403
0.052345
0.052742
0.051703
0.052351
0.051585
0.051448
0.051845
0.051602
0.051581
0.051975
0.05183
0.051397
0.05172
0.051559
0.051381
0.051557
0.051483
0.051326
0.051895
0.052236
0.051574
0.05147
0.052285
0.053044
0.051669
0.051983
0.051191
0.051119
0.051187
0.051055
0.050199
0.050015
0.05058
0.049856
0.050376
0.050346
0.05014
0.049808
0.050598
0.049987
0.050125
0.050247
0.050402
0.050612
0.050938
0.050345
0.05046
0.050408
0.050437
0.050132
0.05036
0.050025
0.05053
0.05021
0.051366
0.050688
0.050278
0.05314
0.050128
0.050455
0.05072
0.053327
0.049901
0.050124
0.049937
0.049553
0.049396
0.05048
0.049755
0.049498
0.048882
0.048664
0.048769
0.052936
0.048468
0.048857
0.04922
0.048584
0.048501
0.050925
0.048508
0.048767
0.048693
0.048633
0.050213
0.049055
0.048725
0.048615
0.0486
0.048548
0.048677
0.051402
0.048522
0.048631
0.048483
0.048441
0.048542
0.048334
0.04894
0.048621
0.048696
0.048476
0.048514
0.04769
0.04764
0.047213
0.047718
0.047482
0.047722
0.04683
0.046911
0.046993
0.046637
0.048494
0.048985
0.04689
0.046934
0.046683
0.046921
0.047016
0.046607
0.046442
0.049515
0.047095
0.04741
0.046825
0.047016
0.047383
0.046924
0.047109
0.048833
0.04713
0.046961
0.046751
0.048227
0.046948
0.046853
0.046731
0.046817
0.046793
0.046635
0.049248
0.04671
0.05217
0.047507
0.046735
0.049583
0.046689
0.047303
0.046698
0.047144
0.046536
0.046583
0.046327
0.046334
0.046665
0.046604
0.04723
0.046431
0.050534
0.046304
0.045776
0.045796
0.045928
0.045782
0.045713
0.045581
0.044916
0.044902
0.044964
0.04736
0.044668
0.04489
0.044892
0.044765
0.044895
0.045666
0.044745
0.044801
0.044636
0.04447
0.044799
0.044864
0.044826
0.044429
0.04493
0.047444
0.044414
0.044276
0.044791
0.045016
0.044846
0.044756
0.044696
0.044623
0.04549
0.044711
0.044892
0.044772
0.044824
0.04482
0.044673
0.044621
0.044995
0.04514
0.045035
0.044848
0.044613
0.044775
0.044867
0.045245
0.044786
0.044436
0.04545
0.045129
0.044838
0.043987
0.044122
0.044085
0.044275
0.043815
0.044252
0.044071
0.043954
0.044033
0.042903
0.04315
0.043758
0.043061
0.043945
0.043108
0.043351
0.043271
0.043106
0.04307
0.043182
0.057217
0.04319
0.043805
0.043329
0.04359
0.043071
0.043847
0.043139
0.045401
0.043535
0.043076
0.043506
0.043322
0.042941
0.043296
0.043218
0.043112
0.042992
0.044504
0.042808
0.043455
0.0435
0.043234
0.04438
0.045
0.043524
0.04347
0.043533
0.044621
0.043826
0.043294
0.043319
0.043136
0.045798
0.043023
0.043191
0.058228
0.043194
0.042992
0.043041
0.043207
0.04314
0.043314
0.043199
0.043488
0.043001
0.043152
0.042197
0.042147
0.042419
0.042087
0.042747
0.042105
0.042194
0.042119
0.042162
0.04217
0.042233
0.041263
0.043578
0.041421
0.043385
0.046605
0.041226
0.041278
0.041327
0.041987
0.042171
0.041818
0.041473
0.042856
0.041322
0.041313
0.041013
0.04114
0.041171
0.041392
0.041287
0.041301
0.043715
0.041424
0.041353
0.041177
0.041443
0.041498
0.041317
0.041238
0.04129
0.041171
0.041177
0.043661
0.041119
0.040936
0.041404
0.040846
0.041398
0.041417
0.041256
0.040906
0.041408
0.041329
0.041453
0.041241
0.041117
0.041543
0.052799
0.04155
0.041579
0.043694
0.041017
0.041176
0.041193
0.041149
0.040326
0.046981
0.040459
0.042493
0.040347
0.040294
0.040511
0.040293
0.040225
0.040149
0.040278
0.040295
0.039454
0.039094
0.041709
0.039465
0.039308
0.039296
0.039576
0.039393
0.039167
0.039545
0.039239
0.039441
0.039143
0.039377
0.039462
0.03939
0.039641
0.039247
0.039098
0.039623
0.039466
0.039452
0.03943
0.039317
0.039449
0.039602
0.039184
0.03943
0.039239
0.039626
0.039475
0.039274
0.039456
0.039595
0.039355
0.039036
0.039113
0.039408
0.038992
0.038974
0.039292
0.039429
0.039606
0.039185
0.039763
0.039041
0.041549
0.039974
0.039403
0.039535
0.039704
0.03947
0.039578
0.039644
0.039709
0.039681
0.03951
0.039608
0.039107
0.039725
0.041469
0.03945
0.039475
0.040003
0.038543
0.038612
0.038543
0.038347
0.038368
0.0386
0.038237
0.038368
0.038867
0.038462
0.038262
0.038569
0.037257
0.037803
0.037874
0.037666
0.037622
0.037655
0.037339
0.037886
0.039772
0.037539
0.03759
0.037544
0.03741
0.038167
0.037311
0.037781
0.037769
0.037695
0.039698
0.037614
0.037456
0.037659
0.037576
0.037664
0.037503
0.03745
0.03714
0.037668
0.037886
0.037331
0.037361
0.037346
0.037683
0.03748
0.037398
0.037403
0.037276
0.037456
0.037842
0.037551
0.037431
0.037501
0.037369
0.037076
0.03732
0.037359
0.037149
0.037224
0.037903
0.037615
0.037613
0.037562
0.037118
0.037334
0.037373
0.037439
0.037889
0.037226
0.037598
0.037685
0.036767
0.037522
0.037556
0.037472
0.036931
0.036771
0.036912
0.036743
0.036648
0.036415
0.035554
0.036559
0.036662
0.03679
0.036459
0.036598
0.036585
0.036722
0.03562
0.037696
0.035498
0.035464
0.035904
0.035786
0.03569
0.035337
0.035788
0.035811
0.03582
0.035781
0.035882
0.03572
0.035529
0.035367
0.035576
0.037625
0.035718
0.035826
0.035478
0.035675
0.035379
0.035656
0.035568
0.035412
0.035611
0.035786
0.03602
0.035875
0.035373
0.035603
0.035731
0.035666
0.035667
0.035737
0.035378
0.035662
0.03553
0.035535
0.035923
0.037
0.035569
0.035627
0.035743
0.035362
0.035393
0.035787
0.035605
0.035721
0.035517
0.036085
0.035471
0.035609
0.038615
0.035735
0.035693
0.03723
0.035869
0.036103
0.035795
0.035726
0.035817
0.035668
0.034781
0.034968
0.035205
0.035122
0.034621
0.041317
0.034707
0.036198
0.034953
0.034916
0.034747
0.03488
0.034947
0.038863
0.034042
0.033941
0.033628
0.033877
0.033995
0.033927
0.034043
0.033796
0.034139
0.033782
0.034275
0.034016
0.033821
0.033848
0.034277
0.033965
0.033767
0.03395
0.034199
0.033566
0.033716
0.033849
0.03388
0.033998
0.033975
0.033947
0.034037
0.033969
0.033622
0.033772
0.033784
0.033899
0.033819
0.033901
0.033895
0.033957
0.033933
0.034123
0.033933
0.03402
0.034159
0.033711
0.03428
0.033655
0.033577
0.033956
0.033661
0.033583
0.033736
0.033869
0.033565
0.033894
0.034071
0.033957
0.034252
0.03412
0.034056
0.034194
0.034094
0.033681
0.033727
0.03402
0.033109
0.033922
0.033692
0.033857
0.034246
0.033306
0.032807
0.032673
0.03486
0.033122
0.033417
0.032955
0.032974
0.032885
0.032866
0.032806
0.033115
0.032969
0.032859
0.032988
0.032862
0.031833
0.032424
0.032314
0.032242
0.032132
0.032094
0.031908
0.032078
0.032198
0.031927
0.031833
0.032417
0.032272
0.032296
0.032394
0.032107
0.03228
0.033992
0.032057
0.03228
0.031938
0.031797
0.031994
0.031867
0.031936
0.0322
0.031955
0.032524
0.032287
0.032399
0.032433
0.031719
0.032084
0.032423
0.031949
0.032094
0.032157
0.03228
0.031958
0.031874
0.032301
0.032308
0.032284
0.032197
0.031775
0.032461
0.032315
0.032219
0.032169
0.032156
0.032685
0.032121
0.032207
0.032294
0.031845
0.032122
0.032163
0.031877
0.032353
0.031934
0.031814
0.032092
0.034033
0.032039
0.032002
0.030875
0.030951
0.031012
0.030936
0.031304
0.031206
0.031215
0.031268
0.031026
0.031338
0.031351
0.032985
0.031032
0.030981
0.031129
0.031033
0.030297
0.030128
0.030166
0.029985
0.029964
0.030038
0.030095
0.030114
0.030357
0.03045
0.030473
0.030143
0.030536
0.030389
0.030403
0.030215
0.030251
0.032085
0.030088
0.030398
0.030389
0.03007
0.030495
0.030359
0.030221
0.030163
0.030086
0.030049
0.030234
0.030265
0.030383
0.030062
0.030369
0.030451
0.029978
0.030471
0.030157
0.030293
0.030147
0.030413
0.03021
0.03027
0.030428
0.030192
0.030367
0.030474
0.030411
0.030659
0.030806
0.030551
0.030214
0.030043
0.030579
0.030438
0.030191
0.030287
0.03062
0.029919
0.030252
0.042646
0.029484
0.030323
0.030293
0.030221
0.030151
0.030104
0.030104
0.03016
0.030617
0.030076
0.029479
0.029198
0.029671
0.029491
0.029595
0.029352
0.029758
0.029564
0.02921
0.029339
0.029413
0.029557
0.029497
0.029546
0.029079
0.029422
0.028338
0.029471
0.028314
0.028169
0.028525
0.028358
0.028577
0.028527
0.028434
0.028451
0.028427
0.028825
0.044481
0.028563
0.028174
0.028486
0.028448
0.028463
0.028525
0.028505
0.028448
0.028469
0.028253
0.028523
0.030137
0.036891
0.028446
0.028401
0.028338
0.028604
0.028636
0.028244
0.030211
0.028444
0.028659
0.028467
0.02834
0.028502
0.030072
0.028606
0.028578
0.028636
0.028563
0.028575
0.028572
0.029079
0.028272
0.0285
0.029886
0.028471
0.028567
0.028597
0.028408
0.028426
0.028573
0.028515
0.028414
0.028495
0.028545
0.028457
0.028495
0.028444
0.030086
0.028382
0.028487
0.028555
0.02851
0.027793
0.028407
0.027719
0.028506
0.02761
0.028483
0.029057
0.027491
0.027426
0.027418
0.027535
0.027538
0.027727
0.027708
0.027765
0.027768
0.027745
0.027534
0.02812
0.027481
0.026649
0.027671
0.026732
0.027531
0.026756
0.028099
0.026668
0.02676
0.026389
0.02701
0.026605
0.026592
0.026526
0.02644
0.026708
0.026671
0.026868
0.026805
0.02681
0.026964
0.02679
0.026803
0.026764
0.0266
0.026442
0.026506
0.026546
0.026601
0.026889
0.026523
0.026435
0.026459
0.026489
0.026468
0.026404
0.026841
0.026882
0.026719
0.026553
0.026846
0.026838
0.026795
0.026533
0.02677
0.026722
0.02654
0.026385
0.026478
0.026606
0.026473
0.02696
0.026996
0.026817
0.026891
0.026657
0.026698
0.026772
0.02657
0.026648
0.026385
0.026479
0.025587
0.026472
0.025783
0.026571
0.026619
0.026553
0.026538
0.026645
0.026726
0.026884
0.02593
0.0259
0.025907
0.026083
0.025813
0.025695
0.025548
0.024831
0.025874
0.025841
0.025841
0.024924
0.025588
0.025627
0.025746
0.025851
0.025676
0.025632
0.025604
0.025079
0.025836
0.025552
0.02476
0.024859
0.024626
0.024919
0.024915
0.024991
0.024805
0.024667
0.024676
0.024886
0.024796
0.024904
0.02483
0.025107
0.024952
0.024823
0.0249
0.024921
0.02499
0.024911
0.024847
0.024837
0.024946
0.025057
0.02488
0.026237
0.024896
0.024753
0.025035
0.024616
0.024731
0.024986
0.024874
0.024781
0.024755
0.024643
0.024699
0.02474
0.024638
0.024677
0.024885
0.024749
0.025178
0.024842
0.024751
0.024799
0.024931
0.025056
0.024842
0.02502
0.024893
0.024731
0.024667
0.024645
0.024834
0.026269
0.024958
0.024942
0.024923
0.024892
0.024682
0.024911
0.025127
0.024734
0.02377
0.024657
0.02403
0.023937
0.023898
0.024116
0.024012
0.023872
0.023964
0.024047
0.023939
0.023939
0.023951
0.023961
0.024026
0.023989
0.02379
0.024022
0.023749
0.023833
0.023852
0.022928
0.023802
0.023115
0.023054
0.023102
0.022839
0.022986
0.023295
0.022937
0.022876
0.02283
0.022878
0.022873
0.022901
0.022879
0.022884
0.022965
0.023032
0.022941
0.022831
0.022896
0.023224
0.023145
0.022974
0.022832
0.022943
0.022938
0.023134
0.023029
0.022964
0.022921
0.022997
0.022944
0.024333
0.023092
0.023084
0.02306
0.023025
0.022869
0.023037
0.023058
0.022992
0.023002
0.023132
0.023046
0.022822
0.023251
0.02284
0.022945
0.022976
0.022806
0.022919
0.023117
0.022965
0.023015
0.02282
0.022909
0.023084
0.022882
0.023361
0.022945
0.022904
0.023327
0.022928
0.022832
0.022878
0.021969
0.024163
0.02228
0.023084
0.023092
0.022268
0.022049
0.022277
0.022318
0.022182
0.02225
0.022313
0.022398
0.022044
0.022021
0.022087
0.022029
0.021956
0.022204
0.022189
0.022336
0.021054
0.022317
0.021376
0.02141
0.021404
0.022299
0.021184
0.021454
0.022319
0.021132
0.021262
0.023205
0.021231
0.021259
0.02249
0.021299
0.021167
0.021278
0.021205
0.021214
0.021174
0.02121
0.021144
0.021041
0.0213
0.021231
0.021287
0.021269
0.021213
0.021223
0.021354
0.021212
0.021228
0.021539
0.02127
0.021311
0.021053
0.021067
0.021245
0.021262
0.021248
0.021096
0.021295
0.021244
0.021138
0.021282
0.021092
0.021104
0.021227
0.021267
0.021018
0.021192
0.021118
0.021305
0.021221
0.021143
0.021064
0.02112
0.021372
0.021123
0.021238
0.021261
0.021399
0.021298
0.021241
0.021275
0.021189
0.020388
0.021092
0.020503
0.020284
0.020368
0.02025
0.020322
0.020303
0.020355
0.020299
0.020313
0.020349
0.020356
0.021296
0.020335
0.020344
0.020498
0.020357
0.020298
0.020246
0.020248
0.020346
0.020237
0.020284
0.019382
0.020501
0.01957
0.019328
0.019404
0.019702
0.019429
0.0195
0.019455
0.019386
0.019303
0.019333
0.019495
0.01933
0.01979
0.019341
0.019414
0.01947
0.019404
0.019293
0.019406
0.019545
0.019307
0.019723
0.019471
0.019367
0.019488
0.019374
0.019354
0.019266
0.019282
0.019652
0.019268
0.019338
0.019387
0.019283
0.019665
0.019263
0.019327
0.019584
0.019514
0.019522
0.019606
0.019579
0.019353
0.019291
0.019608
0.019483
0.019571
0.019419
0.019428
0.019515
0.019347
0.019469
0.020087
0.01931
0.019486
0.019495
0.019395
0.020312
0.018537
0.019484
0.019451
0.019341
0.0194
0.019525
0.019353
0.019663
0.018493
0.018404
0.019333
0.018435
0.018541
0.018528
0.018645
0.018504
0.018453
0.018506
0.018386
0.018436
0.018683
0.018591
0.018631
0.018446
0.018544
0.017488
0.01846
0.01751
0.018535
0.017572
0.017482
0.018454
0.018599
0.018419
0.018898
0.017547
0.017585
0.018853
0.017494
0.01752
0.017509
0.017735
0.017585
0.017631
0.018411
0.017566
0.01756
0.017664
0.017542
0.017503
0.017558
0.017613
0.017559
0.017619
0.017643
0.017625
0.017629
0.017654
0.017683
0.018489
0.017736
0.018479
0.017792
0.017702
0.01774
0.018052
0.017639
0.017647
0.017665
0.017663
0.017642
0.017511
0.017663
0.017725
0.017659
0.017502
0.017638
0.017487
0.017505
0.017494
0.017539
0.017565
0.017587
0.017507
0.017571
0.017542
0.017512
0.017903
0.016621
0.017507
0.016605
0.016613
0.016718
0.016597
0.016662
0.016593
0.01666
0.016698
0.01664
0.016632
0.016594
0.016603
0.016625
0.016597
0.016594
0.016604
0.017455
0.016726
0.016644
0.016633
0.016779
0.016674
0.016782
0.016693
0.015834
0.016731
0.015842
0.015748
0.015837
0.015777
0.015784
0.015709
0.015813
0.015835
0.015683
0.015841
0.016509
0.015782
0.01575
0.015749
0.015942
0.01573
0.015705
0.015904
0.015674
0.015803
0.015726
0.015661
0.01572
0.015729
0.015756
0.015762
0.015884
0.015943
0.015991
0.015988
0.015934
0.016029
0.016028
0.016019
0.015802
0.015695
0.015767
0.015918
0.015718
0.016263
0.01575
0.016186
0.016215
0.015722
0.015735
0.015727
0.015918
0.015896
0.01597
0.01602
0.016003
0.0157
0.015818
0.015735
0.015733
0.015766
0.015968
0.015976
0.01593
0.015997
0.015777
0.016492
0.015698
0.016515
0.015746
0.015704
0.015817
0.015968
0.014862
0.01582
0.014797
0.015776
0.014915
0.014887
0.014922
0.014837
0.01488
0.015024
0.015058
0.014206
0.015005
0.014958
0.015162
0.014897
0.014916
0.014878
0.015684
0.014819
0.01411
0.014787
0.014021
0.014837
0.014886
0.013964
0.014857
0.014138
0.013962
0.013982
0.014646
0.014071
0.014094
0.013934
0.014018
0.013909
0.013958
0.013984
0.014084
0.014154
0.014048
0.014637
0.013981
0.013908
0.013906
0.014101
0.014084
0.014039
0.013925
0.014111
0.013979
0.014018
0.013973
0.013968
0.014076
0.013973
0.013995
0.014041
0.013971
0.014742
0.013954
0.01386
0.013959
0.013974
0.014094
0.013977
0.013941
0.014019
0.014036
0.014138
0.014064
0.01402
0.013936
0.013937
0.014009
0.014224
0.013929
0.013953
0.013916
0.013929
0.013909
0.013935
0.013927
0.013957
0.013963
0.014014
0.014001
0.013998
0.013949
0.014037
0.014147
0.014064
0.014016
0.014146
0.013945
0.014658
0.014131
0.013946
0.014085
0.013113
0.014075
0.013192
0.013228
0.013321
0.013112
0.013113
0.013194
0.013046
0.013112
0.013129
0.013051
0.013078
0.013094
0.013121
0.013251
0.013039
0.013048
0.013053
0.013076
0.013545
0.013492
0.013032
0.013661
0.013358
0.013024
0.019999
0.022657
0.012397
0.012217
0.012145
0.012225
0.012196
0.012257
0.012199
0.012196
0.012178
0.012211
0.012302
0.012175
0.01219
0.012207
0.012163
0.012196
0.012298
0.01222
0.012104
0.012167
0.012123
0.01211
0.012169
0.012138
0.012111
0.012856
0.012208
0.012208
0.012205
0.011258
0.012276
0.012178
0.011204
0.012758
0.012225
0.012551
0.012144
0.012232
0.012278
0.012215
0.012773
0.012396
0.011345
0.012164
0.01224
0.011212
0.012195
0.012273
0.012279
0.012212
0.012221
0.012191
0.012242
0.012185
0.011392
0.012256
0.011836
0.012092
0.011292
0.012213
0.010433
0.012317
0.012181
0.012166
0.01854
0.01127
0.012135
0.010384
0.011212
0.01221
0.012124
0.010331
0.010518
0.012252
0.009499
0.011308
0.012208
0.010348
0.010893
0.012178
0.008575
0.010356
0.01137
0.01167
0.011359
0.01127
0.012136
0.009412
0.011401
