6100.91
0.261621
0.262164
0.253562
56.6734
0.258143
116.115
0.252198
133.774
0.249616
145.225
0.248607
136.783
0.243866
129.987
0.246291
123.542
0.260366
160.366
0.246699
142.788
69.7362
67.3928
65.7847
63.7482
61.9893
60.8082
59.7072
58.2789
56.7175
56.0194
55.0485
54.5917
53.1502
52.0494
50.7652
49.871
48.9695
48.422
47.5212
46.0507
45.094
44.2507
43.5023
42.8282
42.2427
41.4733
40.4423
39.5056
35.9972
35.4445
35.1648
34.5941
33.8896
54.2436
54.4576
51.0668
48.2128
45.7098
43.398
41.5562
39.9344
38.5988
37.2722
36.2707
35.0239
34.0692
33.1615
32.3485
31.5803
30.9094
30.2135
29.5602
28.9717
28.3787
27.8746
27.4004
26.9323
26.453
26
25.5768
25.1729
25.1219
24.4343
24.0363
23.7029
23.3518
22.9977
22.7498
22.3649
22.0844
22.3962
23.0243
22.8612
22.5387
22.4378
22.0517
21.9913
21.8881
21.5799
21.1801
21.2444
21.0282
20.627
20.6039
20.3249
20.2987
20.0316
19.8508
19.4984
19.2803
19.4523
19.0913
18.9983
18.834
18.5307
18.4102
18.1869
18.1457
18.0809
17.8089
17.7626
17.5993
17.4049
17.363
17.0986
16.8919
17.0776
16.9246
16.5205
16.5835
16.3487
16.1905
16.1811
16.0947
15.8987
15.9646
15.8434
15.4901
15.6088
15.6415
15.3609
15.2469
15.3225
15.1781
14.9539
14.855
14.8015
14.6039
14.482
14.1364
13.9574
13.8811
13.8167
13.5844
13.381
13.267
13.0783
13.0172
12.5943
12.5798
12.7213
12.4096
12.2251
12.2116
11.9772
11.8851
11.7843
11.662
11.5143
11.4261
11.4116
11.2671
11.1103
11.0976
10.8896
10.7227
10.8143
10.8086
10.6524
10.5617
10.4651
10.3649
10.3955
10.2662
10.1091
10.0038
9.93486
9.8448
9.77152
9.94583
9.6533
9.57146
9.50109
9.45136
9.34008
9.32787
9.1989
9.09963
8.97795
8.94593
8.90581
8.8795
8.78965
8.70951
8.6448
8.52923
8.56498
8.4293
8.36095
8.26007
8.24142
8.17598
8.07332
8.01341
7.8484
7.86838
7.80779
7.78811
7.74594
7.74473
7.67597
7.61728
7.53545
7.46822
7.39601
7.34856
7.31104
7.24726
7.1745
7.10531
7.06566
7.02923
6.95845
6.83385
6.88045
6.79937
6.87952
6.81128
6.87883
6.66277
6.66894
6.58518
6.50495
6.46994
6.39573
6.27865
6.24878
6.25658
6.21581
6.16801
6.11916
6.08017
6.04338
5.97415
6.00274
5.91511
5.8812
5.83484
5.77053
5.74062
5.76354
5.64186
5.56503
5.55196
5.5169
5.48521
5.40841
5.44379
5.35327
5.34164
5.31254
5.2873
5.24006
5.16422
5.176
5.13663
5.08384
5.03706
5.05309
5.07001
4.96074
4.95747
4.93085
4.90855
4.83281
4.76633
4.77291
4.74516
4.71443
4.71092
4.6177
4.63766
4.62319
4.53281
4.55526
4.55234
4.49493
4.46811
4.34377
4.39714
4.39212
4.30213
4.29696
4.23804
4.17311
4.16455
4.23605
4.24749
4.26736
4.0991
4.1234
4.09282
4.03722
4.03314
4.05204
3.99032
3.96893
3.93646
3.93054
3.85423
3.86665
3.81792
3.83133
3.78968
3.77242
3.70802
3.72799
3.66471
3.67613
3.61829
3.61885
3.59983
3.58792
3.55353
3.53644
3.55277
3.48055
3.50771
3.50647
3.4728
3.5094
0.229352
6.46889
3.36265
3.34123
3.29123
3.26936
3.28905
3.23817
0.229478
6.1594
0.228052
6.05393
0.226714
5.97799
3.14003
3.09827
0.228217
5.90986
3.02586
3.0283
0.24433
5.67849
2.95276
2.92076
2.9203
2.92214
0.227078
5.48409
0.226754
5.40611
2.82973
0.225449
5.22101
2.71342
0.243844
4.95153
0.223939
4.9006
0.225505
4.76901
0.230505
4.6971
0.225352
4.53518
0.242866
4.39356
0.223948
4.31871
0.225708
4.24267
0.226735
4.10151
0.23527
4.03893
0.226235
3.95487
0.224058
3.81583
0.22741
3.79306
0.223961
3.70822
0.225031
3.63524
0.22503
3.55879
0.239064
4.41474
0.224289
4.48277
0.22458
4.38292
2.31411
0.226748
4.43531
0.249255
4.34639
2.30707
0.237796
4.29523
0.225837
4.22519
2.26235
0.245146
4.15709
0.240419
4.10264
0.230927
4.02275
2.18981
0.225115
3.95712
0.224475
3.91317
0.22399
3.84858
0.221332
3.82939
2.05984
2.05076
2.05008
0.233066
3.7677
2.01688
0.237637
3.7065
0.231464
3.64751
1.93841
0.220755
3.54911
1.90584
0.222218
3.47991
1.88742
0.223907
3.4176
0.220882
3.39608
0.223877
3.38801
0.223676
3.32623
0.222993
3.26941
0.223383
3.2841
0.223585
3.27657
0.223349
3.24285
0.222174
3.19756
0.220412
3.13356
0.22135
3.10697
0.221357
3.10723
0.223051
3.04063
0.222742
2.9857
0.222962
2.96525
0.225754
2.93702
0.224268
2.8938
0.224479
2.8624
0.2237
2.81061
0.223535
2.80093
0.224027
2.76154
0.222859
2.67726
0.231111
2.68572
0.222802
2.72553
0.221804
2.69028
0.222691
2.65699
0.221251
2.6098
0.220227
2.59744
0.223235
2.55946
0.22171
2.55499
0.221435
2.47906
0.221888
2.44701
0.221686
2.45325
0.221925
2.41292
0.22174
2.34139
0.22192
2.35486
0.223178
2.40366
0.220284
2.28395
0.22215
2.28728
0.221284
2.22105
0.220922
2.22254
0.222916
2.22572
0.221718
2.15144
0.220106
2.12972
0.220454
2.13449
0.219102
2.11123
0.222236
2.13399
0.221351
2.07412
0.220184
2.09111
0.221603
2.05336
0.219761
2.01887
0.219492
2.00527
0.21925
1.96768
0.219196
1.94187
0.22185
1.95289
0.221349
1.9021
0.219728
1.89148
0.218725
1.84756
0.220179
1.87118
0.22131
1.80179
0.220865
1.81141
0.222239
1.80657
0.221279
1.74375
0.220112
1.78318
0.220127
1.72313
0.218304
1.70083
0.22073
1.70148
0.218577
1.68454
0.221341
1.63852
0.221715
1.64586
0.21967
1.61422
0.218746
1.60041
0.218327
1.61025
0.220679
1.57283
0.219615
1.60546
0.219248
1.56939
0.217784
1.53698
0.221603
1.53889
0.218873
1.50417
0.218743
1.50326
0.218821
1.49302
0.216515
1.45661
0.217094
1.4342
0.221355
1.43449
0.217687
1.42575
0.220537
1.39915
0.22041
1.38761
0.218649
1.37588
0.217442
1.35647
0.220376
1.37076
0.219149
1.33585
0.220282
1.33477
0.217138
1.30011
0.219617
1.29098
0.219206
1.26523
0.217384
1.278
0.221571
1.26613
0.221586
1.28652
0.233541
1.2383
0.22024
1.24532
0.219989
1.20521
0.219657
1.20325
0.220622
1.18827
0.223392
1.16682
0.220997
1.16934
0.218101
1.14335
0.217705
1.14332
0.240219
1.13489
0.217931
1.13393
0.217572
1.09915
0.218508
1.09679
0.218227
1.06175
0.216853
1.06035
0.218449
1.0681
0.216024
1.05529
0.218961
1.0621
0.217625
1.06085
0.217413
1.0319
0.216299
1.03144
0.217825
1.02806
0.217478
0.998137
0.218371
0.998748
0.215977
0.997599
0.216696
0.997883
0.216946
0.964539
0.224388
0.963439
0.217078
0.963404
0.217827
0.925107
0.216794
0.929456
0.218144
0.91734
0.214775
0.919174
0.215681
0.897353
0.217759
0.891539
0.217015
0.894166
0.218019
0.893045
0.21854
0.86463
0.220168
0.890928
0.215331
0.854947
0.215082
0.821445
0.21622
0.85173
0.215312
0.826445
0.217648
0.821641
0.215058
0.822223
0.216914
0.788936
0.215071
0.786031
0.214571
0.790153
0.215873
0.789114
0.221806
0.789116
0.216456
0.753809
0.213767
0.757994
0.217356
0.789878
0.215134
0.758651
0.215877
0.71642
0.214353
0.749971
0.214024
0.720374
0.216721
0.721033
0.216581
0.719897
0.216731
0.724331
0.216114
0.69267
0.213685
0.715276
0.213213
0.682631
0.214331
0.686249
0.216177
0.689503
0.216713
0.652512
0.216299
0.685474
0.213771
0.653035
0.215615
0.652353
0.216111
0.656621
0.214668
0.649524
0.215896
0.621967
0.217154
0.649288
0.215676
0.621256
0.216186
0.620674
0.214775
0.62542
0.216495
0.619876
0.216344
0.589045
0.21588
0.622282
0.216678
0.585512
0.214358
0.586085
0.213445
0.581153
0.217704
0.590874
0.215801
0.583404
0.212015
0.548144
0.212764
0.585543
0.214817
0.555464
0.215704
0.553279
0.217843
0.564238
0.217289
0.521002
0.212553
0.547018
0.227322
0.555015
0.212288
0.51493
0.211036
0.547418
0.211632
0.51352
0.21219
0.547266
0.213868
0.521029
0.21408
0.549323
0.215785
0.521622
0.213535
0.517944
0.215884
0.515509
0.213983
0.526919
0.230887
0.486494
0.214439
0.516668
0.214412
0.484364
0.212543
0.481361
0.2119
0.519382
0.214163
0.482499
0.214659
0.484767
0.215177
0.482943
0.211328
0.445356
0.211784
0.484837
0.213758
0.45095
0.213522
0.484467
0.213563
0.45171
0.216903
0.460221
0.218411
0.446733
0.211901
0.449307
0.215348
0.447557
0.211308
0.45255
0.213246
0.446714
0.231344
0.416009
0.214156
0.451844
0.214103
0.418013
0.212329
0.41869
0.212182
0.450066
0.213533
0.416884
0.214284
0.414192
0.214867
0.385325
0.213372
0.416627
0.215036
0.412389
0.212116
0.383371
0.213062
0.418749
0.213875
0.381562
0.211225
0.37764
0.210867
0.411019
0.209631
0.377261
0.211308
0.379652
0.213137
0.38274
0.211926
0.382223
0.213344
0.399571
0.211917
0.381705
0.213388
0.382221
0.212372
0.382616
0.211775
0.348974
0.21213
0.381741
0.211318
0.349591
0.238385
0.382156
0.211333
0.346384
0.213065
0.38354
0.213047
0.348011
0.21163
0.347992
0.211763
0.346591
0.211581
0.350343
0.213728
0.347703
0.211634
0.348149
0.21273
0.348787
0.213103
0.352125
0.210966
0.314911
0.212257
0.347795
0.212372
0.349242
0.211218
0.21451
0.381916
0.211934
0.31389
0.213398
0.346813
0.211918
0.213133
0.348857
0.211334
0.347944
0.212717
0.212455
0.344491
0.211011
0.312885
0.212434
0.313541
0.21243
0.31389
0.212006
0.313444
0.20904
0.209196
0.342746
0.209069
0.314356
0.212701
0.212318
0.348441
0.211267
0.211248
0.34798
0.211185
0.211546
0.311875
0.211244
0.312186
0.212241
0.208523
0.315026
0.210268
0.20934
0.345191
0.209894
0.211042
0.308525
0.210152
0.211029
0.311374
0.211491
0.212346
0.313058
0.210023
0.210112
0.313373
0.211366
0.275284
0.2088
0.275892
0.208999
0.210517
0.312541
0.20803
0.208051
0.308562
0.208046
0.20774
0.30938
0.209461
0.208275
0.275877
0.208877
0.211483
0.313149
0.210291
0.210419
0.210647
0.31029
0.208016
0.207954
0.207468
0.30861
0.208593
0.209716
0.211364
0.313163
0.211473
0.211271
0.21179
0.275495
0.208725
0.207456
0.274992
0.206659
0.208298
0.275164
0.210044
0.209843
0.208607
0.278802
0.209011
0.209892
0.278736
0.209449
0.210004
0.210298
0.278378
0.210853
0.210484
0.208262
0.275569
0.209798
0.208172
0.209143
0.275931
0.209028
0.206907
0.209334
0.27693
0.209203
0.207231
0.207492
0.207025
0.27803
0.21026
0.20924
0.208577
0.206388
0.209245
0.208649
0.277935
0.206127
0.206916
0.205762
0.206524
0.207351
0.208347
0.207226
0.27472
0.210725
0.208467
0.207679
0.207852
0.209227
0.207909
0.209499
0.208594
0.208882
0.277489
0.208252
0.210079
0.208951
0.210573
0.2092
0.207566
0.20759
0.209319
0.206797
0.208859
0.208471
0.206849
0.211998
0.207379
0.206038
0.27327
0.206949
0.206174
0.208832
0.20845
0.209089
0.209344
0.207828
0.208993
0.208334
0.208664
0.209365
0.20666
0.206964
0.206327
0.206571
0.210081
0.208854
0.208785
0.208729
0.208301
0.208697
0.208554
0.209285
0.206877
0.205243
0.205949
0.206974
0.207585
0.208274
0.207123
0.207935
0.208244
0.207718
0.208061
0.206969
0.207453
0.207307
0.207877
0.207948
0.206276
0.208904
0.207096
0.206981
0.204835
0.208136
0.205666
0.206656
0.206322
0.20795
0.205685
0.206254
0.206257
0.20787
0.205468
0.204228
0.204307
0.204748
0.204444
0.204732
0.20485
0.204544
0.222456
0.20684
0.206689
0.204138
0.204745
0.20603
0.206447
0.20658
0.203902
0.205769
0.207251
0.206135
0.206071
0.206248
0.205839
0.20636
0.206419
0.208206
0.205219
0.206053
0.205798
0.206032
0.206753
0.205593
0.20585
0.206708
0.206971
0.207078
0.205646
0.204952
0.205994
0.206804
0.203733
0.204566
0.203868
0.204599
0.20644
0.205814
0.207475
0.204294
0.205
0.204691
0.205345
0.204889
0.204457
0.204561
0.205706
0.204367
0.205353
0.205044
0.20299
0.206999
0.205228
0.206039
0.206778
0.206222
0.20626
0.204847
0.205193
0.20615
0.207031
0.207375
0.207102
0.204258
0.204174
0.204275
0.203977
0.204878
0.205432
0.206141
0.206141
0.204962
0.204576
0.20513
0.206203
0.205285
0.207055
0.204224
0.203073
0.20678
0.204336
0.205126
0.207434
0.204346
0.204259
0.206172
0.204057
0.204256
0.205488
0.204041
0.204052
0.20479
0.204088
0.20439
0.202984
0.203865
0.203976
0.204034
0.204329
0.205415
0.204466
0.205221
0.203789
0.205129
0.206178
0.205588
0.203895
0.20334
0.203371
0.204424
0.203743
0.205069
0.203371
0.203248
0.204823
0.203128
0.204102
0.204626
0.202859
0.203149
0.203943
0.204408
0.203672
0.202717
0.204925
0.20499
0.20499
0.203669
0.202694
0.202414
0.202901
0.20371
0.204522
0.205473
0.204786
0.205331
0.204092
0.204859
0.203461
0.205197
0.202923
0.203704
0.20355
0.203248
0.203453
0.203828
0.203235
0.204503
0.205214
0.204406
0.203643
0.204047
0.203882
0.204225
0.203497
0.204988
0.204268
0.203721
0.202859
0.203234
0.203014
0.203778
0.20187
0.205599
0.203794
0.20314
0.202469
0.203891
0.202214
0.202926
0.203356
0.201888
0.200429
0.200806
0.201235
0.201623
0.201559
0.200952
0.20108
0.204467
0.201382
0.201465
0.202544
0.20143
0.201128
0.202699
0.202159
0.202099
0.202666
0.202717
0.200435
0.200634
0.200617
0.201121
0.203214
0.202022
0.201146
0.200442
0.201264
0.203672
0.200244
0.202237
0.203716
0.203161
0.20375
0.204262
0.201814
0.200922
0.201761
0.203975
0.203729
0.20256
0.202165
0.202702
0.203855
0.214016
0.202814
0.202436
0.202186
0.202687
0.203026
0.203965
0.202035
0.201465
0.203211
0.202584
0.203035
0.208063
0.203728
0.202373
0.203303
0.200123
0.200958
0.19936
0.20081
0.202098
0.201799
0.202302
0.202178
0.20256
0.200094
0.200001
0.201262
0.203742
0.203368
0.206309
0.200734
0.199447
0.199548
0.198759
0.199914
0.199946
0.198755
0.200761
0.199805
0.199464
0.200274
0.199297
0.199148
0.201089
0.199387
0.198487
0.20034
0.201253
0.202254
0.200195
0.201703
0.200413
0.201131
0.200885
0.201195
0.200136
0.200886
0.201245
0.201171
0.200128
0.201948
0.215303
0.201951
0.200999
0.203574
0.201892
0.202784
0.202892
0.202015
0.202285
0.202519
0.202714
0.200764
0.201741
0.202032
0.201152
0.201085
0.20136
0.200639
0.231568
0.201586
0.200876
0.201766
0.200764
0.198478
0.199862
0.19866
0.201393
0.198693
0.199265
0.198786
0.199727
0.198517
0.200004
0.199441
0.198596
0.198143
0.198857
0.19786
0.198228
0.198447
0.198741
0.197594
0.198825
0.197751
0.198161
0.198224
0.198106
0.198244
0.198154
0.198346
0.201744
0.201302
0.201324
0.200203
0.201193
0.199664
0.200402
0.201616
0.200112
0.199618
0.200512
0.199024
0.198398
0.198395
0.199751
0.20022
0.199826
0.199346
0.199596
0.198148
0.199304
0.198992
0.198918
0.197427
0.197412
0.197492
0.19731
0.197689
0.198254
0.196967
0.197713
0.197637
0.197269
0.196754
0.196676
0.19728
0.196637
0.197157
0.200785
0.200968
0.200739
0.200616
0.197465
0.201559
0.200295
0.19952
0.197272
0.196709
0.19803
0.196576
0.199509
0.197421
0.198003
0.197943
0.197202
0.197639
0.197658
0.199391
0.201301
0.20078
0.199994
0.202812
0.197754
0.197516
0.197273
0.197727
0.197909
0.199124
0.201339
0.200596
0.200842
0.200609
0.200365
0.199449
0.199514
0.1988
0.198289
0.199874
0.200074
0.198693
0.199267
0.197602
0.197879
0.198326
0.199234
0.198111
0.198226
0.197277
0.199354
0.19995
0.199065
0.200305
0.200404
0.198718
0.197011
0.197095
0.19754
0.198516
0.198213
0.195826
0.195835
0.195018
0.197069
0.197154
0.195567
0.196639
0.195739
0.196413
0.196063
0.197268
0.197497
0.197617
0.198062
0.195801
0.19543
0.195579
0.195496
0.198469
0.198506
0.198287
0.195885
0.198431
0.197401
0.197759
0.197701
0.19731
0.19858
0.195584
0.19733
0.196198
0.196359
0.197927
0.196428
0.196581
0.197098
0.196342
0.198579
0.197033
0.197628
0.197904
0.197804
0.198247
0.197872
0.19757
0.201094
0.196335
0.198927
0.201193
0.202523
0.198727
0.19878
0.198167
0.197599
0.197945
0.19871
0.196399
0.19518
0.195364
0.196112
0.195545
0.195784
0.195728
0.194877
0.195687
0.197617
0.197012
0.198333
0.197809
0.197302
0.19782
0.198014
0.198431
0.197357
0.198175
0.197798
0.198494
0.198682
0.196738
0.196953
0.198675
0.197698
0.213935
0.204556
0.196572
0.19756
0.197217
0.196496
0.196533
0.197267
0.196534
0.197419
0.196164
0.197388
0.197529
0.194887
0.194477
0.194601
0.194349
0.195209
0.194565
0.193831
0.19936
0.219484
0.201694
0.219779
0.244853
0.205768
0.199896
0.196067
0.195835
0.195919
0.196175
0.196992
0.196564
0.195714
0.195968
0.195942
0.19667
0.194972
0.196111
0.195738
0.195608
0.195145
0.196558
0.194439
0.193181
0.192972
0.193535
0.193732
0.194611
0.194401
0.194434
0.198308
0.197156
0.196177
0.195435
0.196179
0.195941
0.195226
0.197106
0.195881
0.196349
0.195493
0.195975
0.195561
0.19531
0.196538
0.195582
0.194684
0.195942
0.195661
0.194862
0.195341
0.195002
0.194555
0.196607
0.196686
0.196054
0.196545
0.196255
0.194937
0.196033
0.194366
0.195003
0.19459
0.195864
0.19419
0.195846
0.195409
0.194576
0.217461
0.196466
0.197013
0.194761
0.195118
0.196245
0.194782
0.19416
0.194999
0.195465
0.192887
0.194494
0.194755
0.193951
0.195067
0.195501
0.192518
0.194883
0.195368
0.196627
0.193007
0.194532
0.195262
0.192973
0.194536
